wifix=[-1.3100000277161603, -1.940000022202735, 0.3299999229609961]
wifiy=[-4.790000031888491, -4.750000064074994, 0.3400000259280266]
annotationwifi=['b8:27:eb:34:ef:c6', 'b8:27:eb:2f:33:9d', 'b8:27:eb:37:08:29']
bluetoothx=[1.0200000032782555, -2.5899999916553536]
bluetoothy=[-0.6200000353157601, -2.1500000596046456]
annotationbluetooth=['C9:ED:20:D2:6A:5F', 'CC:26:77:B5:5A:BD']
border=[[2.210000023245812, -3.1700000628828966, 2.489999900758267, -2.3900000005960433], [1.5399999320507027, -4.73000010997056, 2.210000023245812, -3.1700000628828966], [0.5300001129508033, -5.910000070184466, 1.5399999320507027, -4.73000010997056], [-0.8199998721480372, -5.820000079274158, 0.5300001129508033, -5.910000070184466], [-1.3399998858571052, -5.670000077038989, -0.8199998721480372, -5.820000079274158], [-1.940000022202735, -4.750000064074994, -1.3399998858571052, -5.670000077038989], [-3.4400000117719207, -1.8399999693036084, -1.940000022202735, -4.750000064074994], [-3.4400000117719207, -1.8399999693036084, -2.5899999916553536, 0.15999995619058596], [-2.5899999916553536, 0.15999995619058596, -1.5399999611079722, 1.7000000409781935], [-1.5399999611079722, 1.7000000409781935, 0.490000045299527, 1.140000032633543], [0.490000045299527, 1.140000032633543, 1.2500000305473769, 0.7899999886751166], [1.2500000305473769, 0.7899999886751166, 2.4900001086294687, -0.2999999433755886], [2.4900001086294687, -0.2999999433755886, 2.560000109672549, -1.559999988228082], [2.489999900758267, -2.3900000005960433, 2.560000109672549, -1.559999988228082]]
